tweet_id retweet_count favorite_count
892420643555336193 8466 38461
892177421306343426 6233 32958
891815181378084864 4133 24820
891689557279858688 8587 41824
891327558926688256 9325 39993
891087950875897856 3087 20065
890971913173991426 2054 11746
890729181411237888 18782 64939
890609185150312448 4240 27586
890240255349198849 7355 31661
890006608113172480 7290 30421
889880896479866881 4945 27564
889665388333682689 9997 47736
889638837579907072 4518 26934
889531135344209921 2225 14973
889278841981685760 5387 25095
888917238123831296 4472 28857
888804989199671297 4298 25390
888554962724278272 3560 19725
888078434458587136 3475 21584
887705289381826560 5357 29926
887517139158093824 11606 45876
887473957103951883 18091 68559
887343217045368832 10338 33410
887101392804085760 5925 30301
886983233522544640 7729 34887
886736880519319552 3273 11962
886680336477933568 4439 22241
886366144734445568 3181 21025
886267009285017600 4 116
886258384151887873 6234 27762
886054160059072513 104 0
885984800019947520 6770 32442
885528943205470208 6390 35700
885518971528720385 3738 20268
885311592912609280 18491 0
885167619883638784 4357 21766
884925521741709313 18332 76847
884876753390489601 5756 27711
884562892145688576 4840 24116
884441805382717440 5616 26776
884247878851493888 20341 72458
884162670584377345 2967 20219
883838122936631299 3426 21731
883482846933004288 9912 45575
883360690899218434 3657 22394
883117836046086144 6643 36918
882992080364220416 3900 23781
882762694511734784 4893 28079
882627270321602560 6063 27702
882268110199369728 11537 44635
882045870035918850 4950 29122
881906580714921986 3387 24111
881666595344535552 10608 50155
881633300179243008 7 126
881536004380872706 15886 49068
881268444196462592 5136 22913
880935762899988482 2769 16881
880872448815771648 3798 21127
880465832366813184 6262 28318
880221127280381952 4209 26851
880095782870896641 4349 27418
879862464715927552 3482 22164
879674319642796034 10 310
879492040517615616 3173 23238
879415818425184262 43982 105083
879376492567855104 3107 16640
879130579576475649 6819 0
879050749262655488 4702 22418
879008229531029506 2678 18836
878776093423087618 4120 19272
878604707211726852 7186 30053
878404777348136964 1283 0
878316110768087041 6639 0
878281511006478336 1283 7691
878057613040115712 6819 41737
877736472329191424 19068 79247
877611172832227328 80 0
877556246731214848 3810 22573
877316821321428993 5163 27178
877201837425926144 5576 26918
876838120628539392 3346 20536
876537666061221889 4613 23302
876484053909872640 2392 18630
876120275196170240 4684 27713
875747767867523072 4284 25028
875144289856114688 4922 21777
875097192612077568 6033 27258
875021211251597312 4711 25308
874680097055178752 4649 27665
874434818259525634 14768 0
874296783580663808 4120 25911
874057562936811520 3958 22521
874012996292530176 10465 34445
873580283840344065 3957 24110
873337748698140672 1592 0
873213775632977920 1592 7212
872967104147763200 5421 27257
872820683541237760 3707 14663
872668790621863937 28 0
872620804844003328 3718 20701
872486979161796608 9046 40544
872261713294495745 6363 34094
872122724285648897 8161 34344
871879754684805121 11270 37937
871762521631449091 3498 20220
871515927908634625 3478 20170
871166179821445120 5740 0
871102520638267392 5545 20904
871032628920680449 3843 22622
870804317367881728 6257 33595
870726314365509632 3 120
870656317836468226 2669 12409
870374049280663552 26481 82695
870308999962521604 4200 21825
870063196459192321 8454 36739
869772420881756160 10148 42456
869702957897576449 6415 28288
869596645499047938 3170 16001
869227993411051520 3836 20487
868880397819494401 14723 65872
868639477480148993 2130 0
868622495443632128 5870 27328
868552278524837888 2130 10186
867900495410671616 4240 24303
867774946302451713 7467 34200
867421006826221569 2565 16226
867072653475098625 128 0
867051520902168576 8023 32459
866720684873056260 4908 20233
866686824827068416 3551 19471
866450705531457537 35983 123277
866334964761202691 14768 53064
866094527597207552 8569 0
865718153858494464 5739 25830
865359393868664832 5113 26730
865006731092295680 7862 28285
864873206498414592 8931 32629
864279568663928832 3114 14779
864197398364647424 9169 30504
863907417377173506 4240 20858
863553081350529029 4278 15480
863471782782697472 2532 0
863432100342583297 5396 24122
863427515083354112 99 2291
863079547188785154 1125 8881
863062471531167744 2532 8650
862831371563274240 5224 19438
862722525377298433 3631 17308
862457590147678208 5102 20826
862096992088072192 23984 75670
861383897657036800 11012 36609
861288531465048066 4291 17460
861005113778896900 3922 16979
860981674716409858 2226 0
860924035999428608 844 0
860563773140209665 2226 7628
860524505164394496 5436 24017
860276583193509888 3588 18597
860184849394610176 6020 16968
860177593139703809 31909 0
859924526012018688 4233 19884
859851578198683649 3626 15675
859607811541651456 1622 18932
859196978902773760 31300 91621
859074603037188101 14076 34564
858860390427611136 8438 0
858843525470990336 3599 15840
858471635011153920 5020 21937
858107933456039936 3023 16060
857989990357356544 2682 16460
857746408056729600 11033 34998
857393404942143489 1707 6052
857263160327368704 4704 20458
857214891891077121 18 235
857062103051644929 178 0
857029823797047296 4167 19355
856602993587888130 11142 0
856543823941562368 3001 16648
856526610513747968 1957 12109
856330835276025856 708 0
856288084350160898 17 528
856282028240666624 6600 28392
855862651834028034 28 356
855860136149123072 1080 5161
855857698524602368 2211 12138
855851453814013952 18513 46563
855818117272018944 5689 27277
855459453768019968 8620 30758
855245323840757760 6269 0
855138241867124737 48 0
854732716440526848 6415 23507
854482394044301312 7225 30195
854365224396361728 4933 19470
854120357044912130 7898 32962
854010172552949760 3315 16701
853760880890318849 6113 29538
853639147608842240 10701 36062
853299958564483072 3760 16054
852936405516943360 2137 0
852912242202992640 1946 9365
852672615818899456 2277 15446
852553447878664193 3726 16964
852311364735569921 10485 34354
852226086759018497 7217 20756
852189679701164033 1675 11891
851953902622658560 10236 0
851861385021730816 23 0
851591660324737024 3682 16823
851464819735769094 7518 25226
851224888060895234 6087 21506
850753642995093505 9893 32288
850380195714523136 2784 13592
850333567704068097 357 3570
850145622816686080 4079 16990
850019790995546112 5221 21304
849776966551130114 8110 31751
849668094696017920 5290 0
849412302885593088 3350 16551
849336543269576704 2016 11920
849051919805034497 9106 44332
848690551926992896 4614 26330
848324959059550208 4923 25872
848213670039564288 802 8538
848212111729840128 3299 17074
847978865427394560 3482 0
847971574464610304 462 0
847962785489326080 5468 24582
847842811428974592 1438 5736
847617282490613760 452 7336
847606175596138505 3626 19633
847251039262605312 4602 21408
847157206088847362 6286 20928
847116187444137987 3417 22442
846874817362120707 4206 21045
846514051647705089 12477 46863
846505985330044928 3326 14830
846153765933735936 9750 33259
846139713627017216 10595 32368
846042936437604353 3105 16777
845812042753855489 9416 30774
845677943972139009 5142 26342
845397057150107648 1954 8008
845306882940190720 5805 24498
845098359547420673 8253 0
844979544864018432 2782 14329
844973813909606400 3460 15894
844704788403113984 11142 40714
844580511645339650 3387 17317
844223788422217728 2368 14331
843981021012017153 3147 15890
843856843873095681 4990 22523
843604394117681152 2965 17767
843235543001513987 6546 22636
842846295480000512 3875 16012
842765311967449089 1373 7106
842535590457499648 3782 19044
842163532590374912 6269 25795
842115215311396866 3272 14767
841833993020538882 16642 0
841680585030541313 8374 27008
841439858740625411 3973 13330
841320156043304961 5871 20829
841314665196081154 5085 16708
841077006473256960 5740 24182
840761248237133825 1900 0
840728873075638272 17558 0
840698636975636481 2 191
840696689258311684 1068 12984
840632337062862849 1900 9475
840370681858686976 4937 17396
840268004936019968 6204 20369
839990271299457024 2493 14186
839549326359670784 8438 29098
839290600511926273 154 0
839239871831150596 7119 28764
838952994649550848 4318 20753
838921590096166913 2253 11817
838916489579200512 36 0
838831947270979586 12028 0
838561493054533637 1438 11545
838476387338051585 5234 23928
838201503651401729 10992 0
838150277551247360 357 1778
838085839343206401 0 147
838083903487373313 3424 18665
837820167694528512 8569 36219
837482249356513284 481 4061
837471256429613056 2507 13556
837366284874571778 5759 22392
837110210464448512 2610 16974
836989968035819520 2495 13495
836753516572119041 5022 20400
836677758902222849 2424 13365
836648853927522308 603 0
836397794269200385 30076 0
836380477523124226 3214 15617
836260088725786625 4671 22548
836001077879255040 4684 20282
835685285446955009 8912 0
835574547218894849 3954 18880
835536468978302976 1856 0
835309094223372289 22951 0
835297930240217089 3262 17405
835264098648616962 1856 8239
835246439529840640 79 2214
835172783151792128 6267 27723
835152434251116546 3299 23852
834931633769889797 1801 11507
834786237630337024 5973 22436
834574053763584002 2771 14542
834477809192075265 11651 0
834458053273591808 1825 10214
834209720923721728 5239 21893
834167344700198914 3963 16724
834089966724603904 2327 10672
834086379323871233 2419 13872
833863086058651648 2629 14245
833826103416520705 3758 16299
833732339549220864 237 0
833722901757046785 3498 21970
833479644947025920 2256 15799
833124694597443584 5290 21469
832998151111966721 2428 14150
832769181346996225 40 0
832757312314028032 3967 17889
832682457690300417 3208 12651
832645525019123713 567 3103
832636094638288896 3064 16883
832397543355072512 2437 12704
832369877331693569 3482 18227
832273440279240704 2554 12031
832215909146226688 6781 0
832215726631055365 10281 0
832088576586297345 2 71
832040443403784192 10647 0
832032802820481025 5105 18992
831939777352105988 6727 25551
831926988323639298 36 362
831911600680497154 7149 29460
831670449226514432 1990 11119
831650051525054464 2137 7644
831552930092285952 2516 9588
831322785565769729 1668 9771
831315979191906304 1224 6946
831309418084069378 2675 12469
831262627380748289 2250 12671
830956169170665475 1644 8499
830583320585068544 18491 71335
830173239259324417 6267 0
830097400375152640 3308 10487
829878982036299777 5515 0
829861396166877184 2151 13056
829501995190984704 11651 33857
829449946868879360 2226 11160
829374341691346946 10236 36948
829141528400556032 8147 26180
829011960981237760 17817 56549
828801551087042563 3732 0
828770345708580865 6467 27285
828708714936930305 12336 39088
828650029636317184 1479 10149
828409743546925057 1265 6710
828408677031882754 1409 8155
828381636999917570 2438 13489
828376505180889089 1169 7892
828372645993398273 3226 13383
828361771580813312 186 2343
828046555563323392 3152 12566
828011680017821696 2360 11067
827933404142436356 5744 21522
827653905312006145 3305 16489
827600520311402496 1042 7907
827324948884643840 3372 16979
827199976799354881 2464 11306
826958653328592898 5515 23101
826848821049180160 11284 39042
826615380357632002 4340 0
826598799820865537 281 5476
826598365270007810 2584 10767
826476773533745153 4619 19696
826240494070030336 2850 14188
826204788643753985 1028 5214
826115272272650244 3450 16774
825876512159186944 2056 11201
825829644528148480 2741 13629
825535076884762624 18966 55723
825147591692263424 5040 19586
825120256414846976 1421 0
825026590719483904 1421 6803
824796380199809024 6054 0
824775126675836928 3893 16022
824663926340194305 1919 10786
824325613288833024 11458 12616
824297048279236611 4264 16108
824025158776213504 652 5112
823939628516474880 2994 11420
823719002937630720 12408 0
823699002998870016 2664 13484
823581115634085888 2926 13972
823333489516937216 29 751
823322678127919110 4439 16904
823269594223824897 10893 0
822975315408461824 3798 18549
822872901745569793 48512 142023
822859134160621569 2519 14159
822647212903690241 7079 0
822610361945911296 3272 15850
822489057087389700 7079 19474
822462944365645825 16256 30628
822244816520155136 10893 37631
822163064745328640 5321 0
821886076407029760 2589 12193
821813639212650496 3696 0
821765923262631936 1844 9044
821522889702862852 1954 8609
821421320206483457 6187 0
821407182352777218 4821 12646
821153421864615936 10 273
821149554670182400 2224 9382
821107785811234820 2356 10315
821044531881721856 2533 13596
820837357901512704 7404 0
820749716845686786 10992 33902
820690176645140481 3565 13117
820494788566847489 627 0
820446719150292993 2855 0
820314633777061888 627 3583
820078625395449857 6949 21278
820013781606658049 1310 0
819952236453363712 1310 5717
819924195358416896 5361 13836
819711362133872643 3478 14473
819588359383371776 2181 10296
819347104292290561 1334 7763
819238181065359361 448 2465
819227688460238848 7404 24851
819015337530290176 40591 0
819015331746349057 20940 0
819006400881917954 20940 48535
819004803107983360 40591 92913
818646164899774465 23116 0
818627210458333184 8255 23888
818614493328580609 2863 10616
818588835076603904 6820 0
818536468981415936 2749 11750
818307523543449600 9014 0
818259473185828864 2536 11864
818145370475810820 2885 13226
817908911860748288 874 5209
817827839487737858 30076 55862
817777686764523521 2958 11520
817536400337801217 3365 12705
817502432452313088 3765 0
817423860136083457 16642 36887
817415592588222464 1072 6057
817181837579653120 9450 0
817171292965273600 2232 9402
817120970343411712 2908 13093
817056546584727552 1831 9227
816829038950027264 5235 0
816816676327063552 2259 10761
816697700272001025 2448 10566
816450570814898180 9014 32950
816336735214911488 2170 9266
816091915477250048 2388 9618
816062466425819140 1162 0
816014286006976512 5898 0
815990720817401858 1162 5386
815966073409433600 9450 24209
815745968457060357 4592 0
815736392542261248 2517 10604
815639385530101762 1835 8859
815390420867969024 4227 11160
814986499976527872 1435 8239
814638523311648768 3011 12173
814578408554463233 6457 0
814530161257443328 2059 9345
814153002265309185 9663 31017
813944609378369540 3577 0
813910438903693312 2096 10014
813812741911748608 15588 39206
813800681631023104 1958 9009
813217897535406080 8108 20173
813202720496779264 2002 9896
813187593374461952 4859 21404
813172488309972993 2129 10073
813157409116065792 2464 8361
813142292504645637 2627 9074
813130366689148928 493 4818
813127251579564032 3482 12799
813112105746448384 3069 11163
813096984823349248 4013 11355
813081950185472002 3082 10654
813066809284972545 2164 8587
813051746834595840 8153 22614
812781120811126785 2126 8178
812747805718642688 7730 0
812709060537683968 1595 7146
812503143955202048 1364 6560
812466873996607488 2142 8632
812372279581671427 4087 14794
811985624773361665 1564 7839
811744202451197953 1792 8148
811647686436880384 826 6037
811627233043480576 3493 13839
811386762094317568 7124 22577
810984652412424192 1591 5756
810896069567610880 1990 9776
810657578271330305 2941 11838
810284430598270976 12718 38325
810254108431155201 3732 15867
809920764300447744 4340 16740
809808892968534016 5463 0
809448704142938112 1635 7487
809220051211603969 6267 21543
809084759137812480 3903 14280
808838249661788160 3381 10914
808733504066486276 2409 8544
808501579447930884 2895 12202
808344865868283904 23116 45954
808134635716833280 6649 0
808106460588765185 2433 9419
808001312164028416 3933 13593
807621403335917568 4110 15767
807106840509214720 60375 121913
807059379405148160 8186 0
807010152071229440 4254 14075
806629075125202948 38917 81320
806620845233815552 6161 0
806576416489959424 2140 5240
806542213899489280 2639 11040
806242860592926720 13050 0
806219024703037440 1338 6942
805958939288408065 6003 0
805932879469572096 2126 8942
805826884734976000 2043 7125
805823200554876929 8978 0
805520635690676224 1845 6202
805487436403003392 2823 9482
805207613751304193 1898 8422
804738756058218496 4301 14873
804475857670639616 2238 6662
804413760345620481 3583 0
804026241225523202 18070 48306
803773340896923648 3090 10874
803692223237865472 8284 0
803638050916102144 4626 11906
803380650405482500 2072 8383
803321560782307329 5935 0
803276597545603072 2757 10856
802952499103731712 2240 9767
802624713319034886 3266 0
802600418706604034 1639 7701
802572683846291456 2799 9681
802323869084381190 6523 17592
802265048156610565 1517 6923
802239329049477120 2906 9824
802185808107208704 297 0
801958328846974976 1906 8351
801854953262350336 261 1907
801538201127157760 2298 8875
801285448605831168 928 6564
801167903437357056 6649 26559
801127390143516673 4441 0
801115127852503040 2327 8747
800859414831898624 107 746
800855607700029440 1814 0
800751577355128832 3097 11380
800513324630806528 3356 14234
800459316964663297 2402 10230
800443802682937345 4820 0
800388270626521089 3130 12074
800188575492947969 4399 0
800141422401830912 2855 16568
800018252395122689 14697 30754
799774291445383169 5233 0
799757965289017345 2411 9099
799422933579902976 2132 8701
799308762079035393 6183 0
799297110730567681 3088 10751
799063482566066176 2743 8774
798933969379225600 5000 14272
798925684722855936 1601 8053
798705661114773508 7382 0
798701998996647937 8721 0
798697898615730177 7254 0
798694562394996736 5537 0
798686750113755136 2594 0
798682547630837760 5276 0
798673117451325440 6205 0
798665375516884993 4336 0
798644042770751489 2066 0
798628517273620480 2192 0
798585098161549313 6377 0
798576900688019456 6549 0
798340744599797760 3750 0
798209839306514432 2847 11253
797971864723324932 3503 12631
797545162159308800 5419 15720
797236660651966464 7400 21700
797165961484890113 31 249
796904159865868288 9943 0
796865951799083009 2122 8312
796759840936919040 3413 12873
796563435802726400 8157 0
796484825502875648 1961 8215
796387464403357696 4652 11931
796177847564038144 15972 0
796149749086875649 15972 35081
796125600683540480 1991 5356
796116448414461957 2703 9852
796080075804475393 2588 9149
796031486298386433 4119 11711
795464331001561088 26579 54038
795400264262053889 3198 10955
795076730285391872 6054 17595
794983741416415232 3767 0
794926597468000259 2584 11145
794355576146903043 11487 0
794332329137291264 2950 10371
794205286408003585 3692 9973
793962221541933056 5463 18246
793845145112371200 2095 9973
793614319594401792 3493 0
793601777308463104 1826 8645
793500921481273345 2660 11598
793286476301799424 10281 26710
793271401113350145 2637 9369
793256262322548741 9301 21664
793241302385262592 3665 11411
793226087023144960 3192 10666
793210959003287553 3144 9686
793195938047070209 6274 16557
793180763617361921 2221 7503
793165685325201412 3101 10193
793150605191548928 1905 6692
793135492858580992 2780 7011
793120401413079041 4358 13762
792913359805018113 4487 15563
792883833364439040 4758 12261
792773781206999040 1876 7965
792394556390137856 4780 14616
792050063153438720 2005 7790
791821351946420224 23459 0
791784077045166082 10776 0
791780927877898241 4232 0
791774931465953280 24764 48917
791672322847637504 3493 12739
791406955684368384 4592 14226
791312159183634433 2837 9522
791026214425268224 4587 0
790987426131050500 2388 10726
790946055508652032 5235 17995
790723298204217344 2590 0
790698755171364864 2127 8884
790581949425475584 7997 22424
790337589677002753 2084 8480
790277117346975746 3577 13596
790227638568808452 3988 0
789986466051088384 2590 10024
789960241177853952 4643 0
789903600034189313 4602 11266
789628658055020548 1983 8154
789599242079838210 2163 7339
789530877013393408 3767 12748
789314372632018944 2564 9328
789280767834746880 5521 0
789268448748703744 2881 9876
789137962068021249 3113 10523
788908386943430656 13818 29671
788765914992902144 11487 29714
788552643979468800 8044 0
788412144018661376 5908 16873
788178268662984705 2366 7843
788150585577050112 1448 6662
788070120937619456 3806 0
788039637453406209 1481 6659
787810552592695296 3398 9397
787717603741622272 3097 11049
787397959788929025 3157 11746
787322443945877504 1942 8435
787111942498508800 7473 0
786963064373534720 8912 28779
786729988674449408 2692 0
786709082849828864 6781 19697
786664955043049472 2865 11551
786595970293370880 3451 10180
786363235746385920 3905 11806
786286427768250368 3185 8635
786233965241827333 5321 16583
786051337297522688 171 1555
786036967502913536 7878 0
785927819176054784 3525 12293
785872687017132033 2028 7236
785639753186217984 2467 8451
785533386513321988 2238 9858
785515384317313025 1403 6604
785264754247995392 1826 7858
785170936622350336 5411 13091
784826020293709826 3583 10958
784517518371221505 2823 9705
784431430411685888 1424 6154
784183165795655680 8978 21750
784057939640352768 12408 32348
783839966405230592 12028 32525
783821107061198850 2191 7965
783695101801398276 3581 11291
783466772167098368 2508 9137
783391753726550016 6138 18258
783347506784731136 6244 0
783334639985389568 13050 31615
783085703974514689 2469 8802
782969140009107456 8186 26069
782747134529531904 1553 8062
782722598790725632 6003 18645
782598640137187329 2090 8407
782305867769217024 6187 18012
782021823840026624 6943 0
781955203444699136 3736 11994
781661882474196992 3004 11285
781655249211752448 1245 4324
781524693396357120 6161 22404
781308096455073793 2829 7711
781251288990355457 2331 9107
781163403222056960 3028 10543
780931614150983680 8157 23358
780858289093574656 2214 7769
780800785462489090 1443 5950
780601303617732608 3696 13040
780543529827336192 1920 6805
780496263422808064 4126 0
780476555013349377 129 0
780459368902959104 1181 5697
780192070812196864 2479 9401
780092040432480260 2554 0
780074436359819264 5551 13225
779834332596887552 7878 20532
779377524342161408 3448 9524
779124354206535695 20413 0
779123168116150273 4041 12743
779056095788752897 5022 15973
778990705243029504 8085 21620
778774459159379968 11053 0
778764940568104960 406 925
778748913645780993 1479 7443
778650543019483137 1655 6232
778624900596654080 1122 5018
778408200802557953 4829 14723
778396591732486144 13573 0
778383385161035776 1220 6297
778286810187399168 3677 11213
778039087836069888 2922 9150
778027034220126208 1802 7080
777953400541634568 3899 0
777885040357281792 1820 6856
777684233540206592 3266 12105
777641927919427584 4712 0
777621514455814149 2763 9458
777189768882946048 4801 15432
776819012571455488 15214 0
776813020089548800 1339 5261
776477788987613185 3111 9552
776249906839351296 10154 0
776218204058357768 17688 32371
776201521193218049 2791 10337
776113305656188928 4820 12668
776088319444877312 167 1976
775898661951791106 17412 0
775842724423557120 2969 12615
775733305207554048 4441 14908
775729183532220416 5062 13912
775364825476165632 3306 8009
775350846108426240 4338 10940
775085132600442880 5233 16743
774757898236878852 1960 9193
774639387460112384 1922 7230
774314403806253056 6183 23430
773985732834758656 4303 11568
773922284943896577 1915 6885
773704687002451968 1815 7102
773670353721753600 1435 5730
773547596996571136 6820 23745
773336787167145985 5635 0
773308824254029826 8253 24993
773247561583001600 3552 10126
773191612633579521 4541 10756
772877495989305348 4287 9244
772826264096874500 2569 8574
772615324260794368 3714 0
772581559778025472 1868 6965
772193107915964416 1529 6458
772152991789019136 1235 4064
772117678702071809 806 4028
772114945936949249 520 2912
772102971039580160 1018 4307
771908950375665664 2094 7066
771770456517009408 3750 12924
771500966810099713 2891 8893
771380798096281600 5635 11320
771171053431250945 8352 0
771136648247640064 3227 9889
771102124360998913 1578 6702
771014301343748096 1825 7393
770787852854652928 1353 5338
770772759874076672 1563 5582
770655142660169732 1920 7875
770414278348247044 2271 6764
770293558247038976 1645 6703
770093767776997377 3349 0
770069151037685760 2542 8150
769940425801170949 10647 33830
769695466921623552 1832 6873
769335591808995329 8467 0
769212283578875904 1894 5790
768970937022709760 7215 15488
768909767477751808 2988 0
768855141948723200 983 4513
768609597686943744 1335 4417
768596291618299904 1405 5393
768554158521745409 6412 0
768473857036525572 3784 14645
768193404517830656 3899 11710
767884188863397888 1546 5093
767754930266464257 5935 17207
767500508068192258 2566 8043
767191397493538821 4202 13194
767122157629476866 3146 10875
766864461642756096 6243 0
766793450729734144 1494 5456
766714921925144576 423 2792
766693177336135680 868 4327
766423258543644672 1755 6464
766313316352462849 2075 7278
766078092750233600 2855 0
766069199026450432 956 4593
766008592277377025 540 4005
765719909049503744 2374 7774
765669560888528897 1339 5574
765395769549590528 3731 28303
765371061932261376 2366 7605
765222098633691136 3714 12474
764857477905154048 1947 6893
764259802650378240 1668 6495
763956972077010945 59 793
763837565564780549 4587 13543
763183847194451968 1622 5802
763167063695355904 3322 0
763103485927849985 2499 7894
762699858130116608 3988 13072
762471784394268675 7160 12125
762464539388485633 4643 11103
762316489655476224 1239 5175
762035686371364864 17167 34324
761976711479193600 2219 5805
761750502866649088 4340 0
761745352076779520 940 4562
761672994376806400 31909 53097
761599872357261312 1292 4424
761371037149827077 19714 0
761334018830917632 1597 5586
761292947749015552 1208 4799
761227390836215808 1707 5702
761004547850530816 3806 12099
760893934457552897 1066 4093
760656994973933572 2111 7085
760641137271070720 1416 5306
760539183865880579 3982 8123
760521673607086080 1537 4538
760290219849637889 12612 28707
760252756032651264 948 4221
760190180481531904 1990 6111
760153949710192640 35 0
759943073749200896 2301 6361
759923798737051648 6243 15733
759846353224826880 2182 7207
759793422261743616 2091 6388
759566828574212096 23233 0
759557299618865152 1286 5040
759447681597108224 2692 9102
759446261539934208 535 1788
759197388317847553 2126 6489
759159934323924993 1290 0
759099523532779520 4598 15571
759047813560868866 2211 6985
758854675097526272 982 3801
758828659922702336 4198 11970
758740312047005698 1752 6128
758474966123810816 1086 4097
758467244762497024 2444 5145
758405701903519748 2109 5567
758355060040593408 1191 3675
758099635764359168 11053 20547
758041019896193024 412 2902
757741869644341248 3566 7376
757729163776290825 8901 0
757725642876129280 1336 4850
757611664640446465 1224 4873
757597904299253760 321 0
757596066325864448 1164 4656
757400162377592832 7493 16226
757393109802180609 1914 6251
757354760399941633 1559 4833
756998049151549440 2181 6712
756939218950160384 2203 7115
756651752796094464 1445 5428
756526248105566208 3968 11137
756303284449767430 1187 4236
756288534030475264 19183 45742
756275833623502848 1681 6898
755955933503782912 3160 7860
755206590534418437 5893 17630
755110668769038337 12130 22710
754874841593970688 8798 0
754856583969079297 2768 7361
754747087846248448 572 2752
754482103782404096 2138 5681
754449512966619136 805 4006
754120377874386944 2556 8380
753655901052166144 2387 6252
753420520834629632 3902 8462
753398408988139520 2103 6196
753375668877008896 2554 8160
753298634498793472 6321 0
753294487569522689 1140 3637
753039830821511168 22951 39684
753026973505581056 1063 4163
752932432744185856 7473 13494
752917284578922496 1719 7360
752701944171524096 3157 0
752682090207055872 1758 6418
752660715232722944 1724 4715
752568224206688256 2500 5927
752519690950500352 3767 7895
752334515931054080 1205 4082
752309394570878976 18249 0
752173152931807232 2022 6366
751950017322246144 1018 3289
751937170840121344 1468 5570
751830394383790080 2142 6201
751793661361422336 3193 6264
751598357617971201 3316 8443
751583847268179968 1222 4713
751538714308972544 1390 5380
751456908746354688 1089 3417
751251247299190784 6426 13345
751205363882532864 2004 6743
751132876104687617 1429 5431
750868782890057730 1517 5112
750719632563142656 5521 14094
750506206503038976 1257 4760
750429297815552001 4712 14077
750383411068534784 1239 4852
750381685133418496 34 736
750147208377409536 1056 3304
750132105863102464 1388 3874
750117059602808832 1422 4613
750101899009982464 920 3242
750086836815486976 595 2315
750071704093859840 3646 8382
750056684286914561 974 3345
750041628174217216 675 3388
750026558547456000 862 2892
750011400160841729 995 3462
749996283729883136 882 3226
749981277374128128 2678 5452
749774190421639168 1431 4958
749417653287129088 1823 6514
749403093750648834 598 2798
749395845976588288 3783 9182
749317047558017024 2422 5861
749075273010798592 2255 6152
749064354620928000 1647 5106
749036806121881602 850 3302
748977405889503236 3717 11432
748932637671223296 2465 6232
748705597323898880 1030 2946
748699167502000129 1748 5049
748692773788876800 1450 4518
748575535303884801 2174 6459
748568946752774144 730 2323
748346686624440324 1343 5575
748337862848962560 4501 8208
748324050481647620 835 3948
748307329658011649 778 3908
748220828303695873 8497 15058
747963614829678593 2341 6170
747933425676525569 2783 7066
747885874273214464 1078 3147
747844099428986880 814 2993
747816857231626240 1268 5172
747651430853525504 171 1471
747648653817413632 6361 13734
747600769478692864 597 2465
747594051852075008 1149 3926
747512671126323200 1723 5912
747461612269887489 1127 4120
747439450712596480 2095 5783
747242308580548608 3139 0
747219827526344708 1723 5623
747204161125646336 1000 3598
747103485104099331 4354 10195
746906459439529985 325 3074
746872823977771008 2338 6372
746818907684614144 1875 5636
746790600704425984 1727 5176
746757706116112384 4232 10174
746726898085036033 1947 6421
746542875601690625 2031 5352
746521445350707200 1068 0
746507379341139972 1173 4927
746369468511756288 1796 6566
746131877086527488 2393 7339
746056683365994496 892 3774
745789745784041472 1162 4297
745712589599014916 2528 7427
745433870967832576 2763 7549
745422732645535745 2644 9121
745314880350101504 3012 7609
745074613265149952 3828 8327
745057283344719872 2477 7690
744995568523612160 679 3168
744971049620602880 2926 8366
744709971296780288 1690 5944
744334592493166593 2323 7187
744234799360020481 84456 163705
744223424764059648 405 1804
743980027717509120 1180 4407
743895849529389061 1038 3867
743835915802583040 2269 0
743609206067040256 1494 4764
743595368194129920 7123 19606
743545585370791937 1015 3741
743510151680958465 4006 8388
743253157753532416 1312 4493
743222593470234624 2065 6578
743210557239623680 1475 4069
742534281772302336 3852 7471
742528092657332225 2162 4714
742465774154047488 4214 7690
742423170473463808 4126 10443
742385895052087300 2159 7210
742161199639494656 1487 4598
742150209887731712 1693 5461
741793263812808706 1639 4838
741743634094141440 2998 8673
741438259667034112 907 3889
741303864243200000 3504 9305
741099773336379392 6011 10651
741067306818797568 3349 9999
740995100998766593 2999 6797
740711788199743490 1010 3614
740699697422163968 842 3000
740676976021798912 7382 19239
740373189193256964 14440 36816
740365076218183684 472 2635
740359016048689152 925 3499
740214038584557568 2133 7096
739979191639244800 6412 21151
739932936087216128 1171 4296
739844404073074688 924 4015
739623569819336705 1474 4036
739606147276148736 1800 5705
739544079319588864 23233 42123
739485634323156992 3185 7632
739238157791694849 62816 121814
738891149612572673 6 113
738885046782832640 1236 3995
738883359779196928 880 3544
738537504001953792 1695 5394
738402415918125056 920 3463
738184450748633089 1316 4575
738166403467907072 3700 9324
738156290900254721 712 2682
737826014890496000 1917 5579
737800304142471168 3749 10581
737678689543020544 1451 5340
737445876994609152 4835 10920
737322739594330112 876 3818
737310737551491075 8022 15564
736736130620620800 1880 4579
736392552031657984 8044 18801
736365877722001409 1357 4227
736225175608430592 2993 8610
736010884653420544 3226 8383
735991953473572864 1245 3819
735648611367784448 1184 4245
735635087207878657 2556 6550
735274964362878976 5487 13779
735256018284875776 958 3546
735137028879360001 1048 3316
734912297295085568 557 2901
734787690684657664 6805 13301
734776360183431168 585 2655
734559631394082816 427 1577
733828123016450049 838 3800
733822306246479872 1091 3887
733482008106668032 1026 3325
733460102733135873 1383 4454
733109485275860992 17412 47235
732732193018155009 579 2580
732726085725589504 957 3737
732585889486888962 832 3897
732375214819057664 2722 8553
732005617171337216 5898 15785
731285275100512256 1063 3688
731156023742988288 1372 4056
730924654643314689 2139 6478
730573383004487680 2328 5206
730427201120833536 1123 3662
730211855403241472 1140 4045
730196704625098752 2076 5164
729854734790754305 1208 4254
729838605770891264 414 1800
729823566028484608 1333 4209
729463711119904772 2484 6139
729113531270991872 354 1994
728986383096946689 883 3344
728760639972315136 1835 4936
728751179681943552 732 2941
728653952833728512 1123 3504
728409960103686147 2172 5196
728387165835677696 1033 3876
728046963732717569 1266 4553
728035342121635841 1803 4803
728015554473250816 1185 4326
727685679342333952 687 3104
727644517743104000 1889 6231
727524757080539137 1320 4721
727314416056803329 806 3508
727286334147182592 877 3213
727175381690781696 1479 4093
727155742655025152 1425 3843
726935089318363137 2648 7273
726887082820554753 1624 4047
726828223124897792 1086 3748
726224900189511680 1250 4664
725842289046749185 2855 7438
725786712245440512 1462 4403
725729321944506368 1924 5485
725458796924002305 670 1487
724983749226668032 1405 3908
724771698126512129 691 2502
724405726123311104 1777 5603
724049859469295616 1905 4573
724046343203856385 598 2811
724004602748780546 1704 4425
723912936180330496 1317 4106
723688335806480385 3213 8142
723673163800948736 960 3198
723179728551723008 2022 5584
722974582966214656 1698 4346
722613351520608256 1762 5227
721503162398597120 2020 4919
721001180231503872 661 2668
720785406564900865 840 3292
720775346191278080 734 2622
720415127506415616 1608 4354
720389942216527872 2719 6768
720340705894408192 1048 3033
720059472081784833 1219 4108
720043174954147842 2166 5166
719991154352222208 1887 5101
719704490224398336 1567 4821
719551379208073216 2087 5337
719367763014393856 797 2947
719339463458033665 1350 4662
719332531645071360 1031 3603
718971898235854848 1183 3683
718939241951195136 1898 5521
718631497683582976 8721 19967
718613305783398402 519 2577
718540630683709445 1090 2629
718460005985447936 573 2861
718454725339934721 1626 5143
718246886998687744 537 2037
718234618122661888 1081 4086
717841801130979328 642 2587
717790033953034240 1216 3048
717537687239008257 1988 6078
717428917016076293 489 1691
717421804990701568 910 3326
717047459982213120 2052 6615
717009362452090881 1049 3457
716802964044845056 1264 4505
716791146589110272 1496 5842
716730379797970944 458 1300
716447146686459905 6340 13843
716439118184652801 231 2495
716285507865542656 1169 2931
716080869887381504 1873 5152
715928423106027520 945 3368
715758151270801409 1533 3945
715733265223708672 1829 4934
715704790270025728 607 2954
715696743237730304 1388 4119
715680795826982913 1748 4572
715360349751484417 1695 5780
715342466308784130 736 3188
715220193576927233 706 2546
715200624753819648 2032 5412
715009755312439296 1329 4399
714982300363173890 1112 3959
714962719905021952 4614 7768
714957620017307648 1530 4369
714631576617938945 1080 3453
714606013974974464 1005 3825
714485234495041536 1250 2864
714258258790387713 774 3170
714251586676113411 907 3449
714214115368108032 944 2397
714141408463036416 1506 4542
713919462244790272 837 3460
713909862279876608 591 2020
713900603437621249 805 2984
713761197720473600 1486 5159
713411074226274305 1393 4659
713177543487135744 3060 7602
713175907180089344 1566 4717
712809025985978368 7254 19641
712717840512598017 5397 13074
712668654853337088 1311 4397
712438159032893441 1686 5620
712309440758808576 25 257
712097430750289920 1114 4014
712092745624633345 970 3110
712085617388212225 521 3423
712065007010385924 668 2399
711998809858043904 136 0
711968124745228288 2491 8515
711743778164514816 1067 3004
711732680602345472 4449 9401
711694788429553666 19714 34723
711652651650457602 989 4088
711363825979756544 1222 3860
711306686208872448 794 3504
711008018775851008 671 3164
710997087345876993 1500 4812
710844581445812225 741 2688
710833117892898816 581 2842
710658690886586372 608 2442
710609963652087808 2536 5067
710588934686908417 2028 4815
710296729921429505 793 2502
710283270106132480 558 2250
710272297844797440 1360 4783
710269109699739648 1217 2542
710153181850935296 964 3071
710140971284037632 965 2926
710117014656950272 2144 5806
709918798883774466 1154 3147
709901256215666688 106 710
709852847387627521 1289 3695
709566166965075968 1303 3740
709556954897764353 1145 3472
709519240576036864 258 1574
709449600415961088 640 2352
709409458133323776 749 2769
709225125749587968 620 2533
709207347839836162 6304 13341
709198395643068416 689 2551
709179584944730112 726 2128
709158332880297985 449 2161
709042156699303936 1776 5031
708853462201716736 706 1891
708845821941387268 968 3142
708834316713893888 543 1798
708810915978854401 7515 17445
708738143638450176 881 2894
708711088997666817 788 2701
708479650088034305 730 2698
708469915515297792 886 3256
708400866336894977 10924 16929
708356463048204288 1451 3821
708349470027751425 793 2488
708149363256774660 1662 4516
708130923141795840 908 3585
708119489313951744 1053 2841
708109389455101952 584 2042
708026248782585858 2078 4622
707995814724026368 1209 3293
707983188426153984 2 51
707969809498152960 1048 2857
707776935007539200 1022 3469
707741517457260545 658 2639
707738799544082433 2668 4340
707693576495472641 1080 3632
707629649552134146 948 2728
707610948723478529 6943 17941
707420581654872064 747 2407
707411934438625280 648 2415
707387676719185920 1410 3710
707377100785885184 1164 3482
707315916783140866 691 2615
707297311098011648 860 2923
707059547140169728 732 2724
707038192327901184 856 2325
707021089608753152 1482 4304
707014260413456384 645 2436
706904523814649856 8467 15433
706901761596989440 645 2192
706681918348251136 1047 3515
706644897839910912 1184 2729
706593038911545345 679 2286
706538006853918722 1529 3666
706516534877929472 1116 3281
706346369204748288 996 3648
706310011488698368 8651 22692
706291001778950144 506 1799
706265994973601792 992 2887
706169069255446529 2405 4141
706166467411222528 1741 5450
706153300320784384 415 1583
705975130514706432 800 3282
705970349788291072 963 3327
705898680587526145 607 2513
705786532653883392 573 2063
705591895322394625 1241 3355
705475953783398401 1001 3133
705442520700944385 1788 4717
705428427625635840 1830 4045
705239209544720384 814 3175
705223444686888960 872 2739
705102439679201280 553 2280
705066031337840642 656 2301
704871453724954624 1206 4525
704859558691414016 590 2395
704847917308362754 1658 5421
704819833553219584 1086 2796
704761120771465216 3139 7029
704499785726889984 1081 3117
704491224099647488 91 812
704480331685040129 1146 3602
704364645503647744 3844 8526
704347321748819968 382 1684
704134088924532736 506 1608
704113298707505153 610 1970
704054845121142784 996 3098
703774238772166656 501 1958
703769065844768768 1229 3488
703631701117943808 748 2755
703611486317502464 1643 4093
703425003149250560 1500 4024
703407252292673536 758 2610
703382836347330562 1234 3716
703356393781329922 418 2025
703268521220972544 595 2088
703079050210877440 3355 7818
703041949650034688 13573 27978
702932127499816960 782 2750
702899151802126337 485 1711
702684942141153280 1165 3408
702671118226825216 605 2321
702598099714314240 3544 10971
702539513671897089 1040 3044
702332542343577600 1687 3394
702321140488925184 1118 3477
702276748847800320 826 2629
702217446468493312 1454 5101
701981390485725185 1074 3648
701952816642965504 1106 4033
701889187134500865 1493 3774
701805642395348998 1836 3644
701601587219795968 498 2216
701570477911896070 1013 2987
701545186879471618 661 2815
701214700881756160 5537 12965
700890391244103680 620 2356
700864154249383937 662 2754
700847567345688576 540 2581
700796979434098688 1037 2584
700747788515020802 10154 24236
700518061187723268 865 2799
700505138482569216 618 2416
700462010979500032 1953 4397
700167517596164096 809 2809
700151421916807169 714 2380
700143752053182464 2988 8000
700062718104104960 753 2804
700029284593901568 630 2193
700002074055016451 1457 3515
699801817392291840 1041 3236
699788877217865730 537 2383
699779630832685056 1338 2940
699775878809702401 657 2078
699691744225525762 4972 10890
699446877801091073 2828 6291
699434518667751424 551 2302
699423671849451520 359 1452
699413908797464576 668 2190
699370870310113280 475 1992
699323444782047232 934 3351
699088579889332224 679 2371
699079609774645248 710 2597
699072405256409088 1284 3185
699060279947165696 1961 4012
699036661657767936 1292 2769
698989035503689728 1063 3592
698953797952008193 977 2872
698907974262222848 672 2690
698710712454139905 742 2624
698703483621523456 409 1540
698635131305795584 369 1364
698549713696649216 664 2458
698355670425473025 486 1983
698342080612007937 1026 2404
698262614669991936 2170 5035
698195409219559425 6457 17784
698178924120031232 798 2970
697995514407682048 360 1620
697990423684476929 1400 3489
697943111201378304 750 2552
697881462549430272 1286 3202
697630435728322560 582 1856
697616773278015490 1095 3351
697596423848730625 1363 3221
697575480820686848 548 2161
697516214579523584 1226 2194
697482927769255936 735 2572
697463031882764288 1491 3613
697270446429966336 2014 4954
697259378236399616 1077 3484
697255105972801536 1257 3202
697242256848379904 720 2665
696900204696625153 1108 3388
696894894812565505 733 2493
696886256886657024 1935 5133
696877980375769088 770 2590
696754882863349760 387 1565
696744641916489729 1021 2203
696713835009417216 701 2527
696518437233913856 1833 4131
696490539101908992 161 1296
696488710901260288 1119 2695
696405997980676096 1231 3410
696100768806522880 718 2055
695816827381944320 1271 3185
695794761660297217 848 3380
695767669421768709 806 1984
695629776980148225 2275 4854
695446424020918272 1957 4627
695409464418041856 3858 9149
695314793360662529 1594 3870
695095422348574720 665 2801
695074328191332352 1194 3015
695064344191721472 652 1712
695051054296211456 851 2832
694925794720792577 989 2861
694905863685980160 1011 2933
694669722378485760 15649 37883
694356675654983680 313 1599
694352839993344000 672 2162
694342028726001664 528 1673
694329668942569472 542 2132
694206574471057408 2200 4447
694183373896572928 1004 3124
694001791655137281 1118 3595
693993230313091072 437 1985
693942351086120961 398 1840
693647888581312512 643 2862
693644216740769793 139 1427
693642232151285760 448 2696
693629975228977152 868 2599
693622659251335168 399 1638
693590843962331137 2131 5376
693582294167244802 276 1743
693486665285931008 682 1885
693280720173801472 1347 3569
693267061318012928 889 2534
693262851218264065 544 2365
693231807727280129 796 3038
693155686491000832 3464 8376
693109034023534592 665 1829
693095443459342336 500 1996
692919143163629568 805 2835
692905862751522816 948 2587
692901601640583168 656 1901
692894228850999298 873 2418
692828166163931137 957 3049
692752401762250755 3929 7255
692568918515392513 1663 4615
692535307825213440 1470 3386
692530551048294401 456 1962
692423280028966913 249 1572
692417313023332352 3765 9923
692187005137076224 888 2678
692158366030913536 860 2289
692142790915014657 426 1745
692041934689402880 1379 3608
692017291282812928 1037 3040
691820333922455552 1788 4187
691793053716221953 4549 8620
691756958957883396 1106 3072
691675652215414786 551 2063
691483041324204033 612 2520
691459709405118465 1245 4317
691444869282295808 918 2818
691416866452082688 8284 20536
691321916024623104 714 2738
691096613310316544 967 3149
691090071332753408 362 1812
690989312272396288 3114 6275
690959652130045952 1361 3805
690938899477221376 2167 4395
690932576555528194 1107 3491
690735892932222976 1389 4016
690728923253055490 562 2306
690690673629138944 858 2475
690649993829576704 304 1388
690607260360429569 17 307
690597161306841088 653 2088
690400367696297985 490 1985
690374419777196032 935 3456
690360449368465409 966 2818
690348396616552449 553 1595
690248561355657216 446 1792
690021994562220032 1121 2971
690015576308211712 801 2666
690005060500217858 1832 3896
689999384604450816 407 1516
689993469801164801 499 1562
689977555533848577 483 1451
689905486972461056 749 2578
689877686181715968 1283 3202
689835978131935233 818 2299
689661964914655233 1007 3395
689659372465688576 4226 11026
689623661272240129 701 2374
689599056876867584 5993 12358
689557536375177216 502 2179
689517482558820352 1552 3604
689289219123089408 1008 2394
689283819090870273 1199 3492
689280876073582592 779 2120
689275259254616065 267 1229
689255633275777024 1170 2721
689154315265683456 1089 3249
689143371370250240 558 2153
688916208532455424 945 2907
688908934925697024 839 2251
688898160958271489 853 2235
688894073864884227 755 2371
688828561667567616 402 1466
688804835492233216 213 1019
688789766343622656 723 2351
688547210804498433 763 2773
688519176466644993 793 2454
688385280030670848 4832 9872
688211956440801280 909 2362
688179443353796608 638 2250
688116655151435777 851 2996
688064179421470721 388 1826
687841446767013888 2744 5808
687826841265172480 1229 2900
687818504314159109 1027 2659
687807801670897665 761 2538
687732144991551489 712 1875
687704180304273409 912 2590
687664829264453632 556 2062
687494652870668288 624 2035
687480748861947905 268 1698
687476254459715584 582 2094
687460506001633280 588 2172
687399393394311168 680 2015
687317306314240000 9943 21363
687312378585812992 2065 4630
687127927494963200 2480 5807
687124485711986689 551 2302
687109925361856513 2678 6170
687102708889812993 1075 2488
687096057537363968 658 2388
686947101016735744 3447 9135
686760001961103360 1494 3737
686749460672679938 1586 3680
686730991906516992 1302 4410
686683045143953408 872 2984
686618349602762752 1473 3905
686606069955735556 587 2006
686394059078897668 740 1863
686386521809772549 957 3459
686377065986265092 607 2360
686358356425093120 741 2336
686286779679375361 1809 4255
686050296934563840 799 2343
686035780142297088 133 1224
686034024800862208 1272 3314
686007916130873345 454 2626
686003207160610816 690 1931
685973236358713344 577 2239
685943807276412928 662 1732
685906723014619143 3155 7993
685681090388975616 137 2156
685667379192414208 624 2489
685663452032069632 1592 3455
685641971164143616 841 3112
685547936038666240 17032 34999
685532292383666176 1247 3235
685325112850124800 4340 10077
685321586178670592 698 2816
685315239903100929 1170 3554
685307451701334016 478 2198
685268753634967552 1313 3294
685198997565345792 728 2475
685169283572338688 1546 4351
684969860808454144 417 2509
684959798585110529 3411 7239
684940049151070208 1135 3419
684926975086034944 512 3722
684914660081053696 1584 3721
684902183876321280 575 1995
684880619965411328 894 2231
684830982659280897 23459 37258
684800227459624960 1080 2878
684594889858887680 3844 9496
684588130326986752 1526 4377
684567543613382656 1343 3197
684538444857667585 1046 2814
684481074559381504 1267 4111
684460069371654144 604 2098
684241637099323392 3583 8657
684225744407494656 230 1316
684222868335505415 1502 4085
684200372118904832 1122 2304
684195085588783105 563 2035
684188786104872960 1271 3696
684177701129875456 730 2144
684147889187209216 1628 3162
684122891630342144 516 2117
684097758874210310 1564 4364
683857920510050305 1209 4044
683852578183077888 381 2043
683849932751646720 1065 2787
683834909291606017 1202 2782
683828599284170753 1147 2974
683773439333797890 1476 3551
683742671509258241 3615 6909
683515932363329536 3157 7819
683498322573824003 1038 3363
683481228088049664 1078 2797
683462770029932544 726 2591
683449695444799489 1744 4135
683391852557561860 2594 8086
683357973142474752 1022 3120
683142553609318400 1132 3057
683111407806746624 990 3614
683098815881154561 714 2305
683078886620553216 611 2107
683030066213818368 795 2287
682962037429899265 18171 39276
682808988178739200 197 1880
682788441537560576 1215 2623
682750546109968385 476 1616
682697186228989953 390 1395
682662431982772225 1171 3231
682638830361513985 651 2184
682429480204398592 1262 3643
682406705142087680 1912 8047
682393905736888321 743 2376
682389078323662849 506 1774
682303737705140231 1083 3269
682259524040966145 1324 4427
682242692827447297 1287 3451
682088079302213632 10776 19447
682059653698686977 1844 5273
682047327939461121 1048 3409
682032003584274432 2190 6979
682003177596559360 1657 3347
681981167097122816 1117 2949
681891461017812993 897 2618
681694085539872773 4399 13547
681679526984871937 484 1868
681654059175129088 1007 2801
681610798867845120 515 2024
681579835668455424 1423 3754
681523177663676416 6321 15185
681340665377193984 303 1739
681339448655802368 4408 9851
681320187870711809 823 2817
681302363064414209 1991 4187
681297372102656000 1040 3389
681281657291280384 1195 3408
681261549936340994 297 1542
681242418453299201 589 1589
681231109724700672 525 2539
681193455364796417 1614 3941
680970795137544192 720 2576
680959110691590145 2157 4826
680940246314430465 1145 3425
680934982542561280 479 2200
680913438424612864 671 2537
680889648562991104 397 1869
680836378243002368 1442 3659
680805554198020098 720 2294
680801747103793152 897 2504
680798457301471234 1129 3030
680609293079592961 775 2792
680583894916304897 1456 3833
680497766108381184 2074 4487
680494726643068929 524 1815
680473011644985345 810 2690
680440374763077632 547 1537
680221482581123072 314 1544
680206703334408192 1276 2997
680191257256136705 550 2272
680176173301628928 1698 4132
680161097740095489 796 2451
680145970311643136 1887 3829
680130881361686529 1031 2427
680115823365742593 989 2871
680100725817409536 1484 3786
680085611152338944 9668 13536
680070545539371008 951 2718
680055455951884288 7730 17684
679877062409191424 694 2082
679872969355714560 718 2300
679862121895714818 676 2610
679854723806179328 1341 3035
679844490799091713 835 2510
679828447187857408 15214 38385
679777920601223168 1211 3265
679736210798047232 865 2216
679729593985699840 892 2287
679722016581222400 509 1750
679530280114372609 2242 5036
679527802031484928 788 2799
679511351870550016 1388 3571
679503373272485890 1606 3344
679475951516934144 689 2224
679462823135686656 20413 33580
679405845277462528 1306 2519
679158373988876288 8798 22750
679148763231985668 1112 2934
679132435750195208 1251 3136
679111216690831360 2767 6292
679062614270468097 8901 18046
679047485189439488 738 2380
679001094530465792 1335 2986
678991772295516161 1272 2452
678969228704284672 498 1730
678800283649069056 977 2721
678798276842360832 1286 3681
678774928607469569 999 2945
678767140346941444 1477 3727
678764513869611008 517 1728
678755239630127104 3583 7536
678740035362037760 1844 3970
678708137298427904 2631 5859
678675843183484930 1606 3029
678643457146150913 460 2164
678446151570427904 1704 4219
678424312106393600 2754 5718
678410210315247616 1969 4469
678399652199309312 29828 61162
678396796259975168 455 1674
678389028614488064 454 1971
678380236862578688 975 2567
678341075375947776 583 1819
678334497360859136 288 1369
678278586130948096 6559 12095
678255464182861824 401 1668
678023323247357953 420 2025
678021115718029313 6870 14491
677961670166224897 1812 3598
677918531514703872 440 1417
677895101218201600 2274 5081
677716515794329600 1044 3201
677700003327029250 1550 3572
677698403548192770 342 1288
677687604918272002 909 2606
677673981332312066 1612 3515
677662372920729601 1050 2049
677644091929329666 857 1973
677573743309385728 782 2248
677565715327688705 488 1357
677557565589463040 1248 2560
677547928504967168 3907 7299
677530072887205888 242 1121
677335745548390400 1930 3208
677334615166730240 317 1425
677331501395156992 254 1146
677328882937298944 1608 3814
677314812125323265 577 1727
677301033169788928 442 1309
677269281705472000 756 2092
677228873407442944 1759 3718
677187300187611136 988 2871
676975532580409345 1150 2914
676957860086095872 867 2313
676949632774234114 424 1364
676948236477857792 938 2282
676946864479084545 405 1783
676942428000112642 814 2177
676936541936185344 5276 13327
676916996760600576 1925 3114
676897532954456065 783 2362
676864501615042560 769 2208
676821958043033607 16772 24202
676819651066732545 710 1886
676811746707918848 455 1488
676776431406465024 2158 5233
676617503762681856 1053 3036
676613908052996102 208 1141
676606785097199616 470 1972
676603393314578432 418 1233
676593408224403456 2316 4803
676590572941893632 135 963
676588346097852417 857 2447
676582956622721024 301 1260
676575501977128964 1203 2708
676533798876651520 596 1968
676496375194980353 570 1590
676470639084101634 5005 12165
676440007570247681 716 1801
676430933382295552 370 1463
676263575653122048 586 2173
676237365392908289 314 1277
676219687039057920 33244 78390
676215927814406144 629 1819
676191832485810177 1099 2384
676146341966438401 715 2001
676121918416756736 1245 2240
676101918813499392 1237 2938
676098748976615425 1543 3156
676089483918516224 456 1377
675898130735476737 611 1714
675891555769696257 934 2231
675888385639251968 1025 2489
675878199931371520 1494 4368
675870721063669760 607 1718
675853064436391936 1388 2810
675849018447167488 162 983
675845657354215424 952 2388
675822767435051008 567 1589
675820929667219457 244 1097
675798442703122432 3611 10703
675781562965868544 508 1689
675740360753160193 371 1213
675710890956750848 885 1981
675707330206547968 741 2077
675706639471788032 103 670
675534494439489536 445 1896
675531475945709568 411 1230
675522403582218240 304 1083
675517828909424640 487 1361
675501075957489664 6205 17853
675497103322386432 1382 3270
675489971617296384 632 1353
675483430902214656 1032 1922
675432746517426176 602 1585
675372240448454658 537 1775
675362609739206656 242 1091
675354435921575936 18249 34118
675349384339542016 2407 4087
675334060156301312 1372 2900
675166823650848770 1726 3760
675153376133427200 2769 6549
675149409102012420 1789 3889
675147105808306176 254 979
675146535592706048 330 1245
675145476954566656 961 2218
675135153782571009 525 1349
675113801096802304 827 2031
675111688094527488 267 1003
675109292475830276 1205 2908
675047298674663426 345 1101
675015141583413248 1272 2820
675006312288268288 240 1015
675003128568291329 502 1612
674999807681908736 1172 2334
674805413498527744 375 896
674800520222154752 912 3123
674793399141146624 1159 2603
674790488185167872 268 1144
674788554665512960 220 842
674781762103414784 1279 2085
674774481756377088 504 1176
674767892831932416 849 1902
674764817387900928 253 815
674754018082705410 479 1405
674752233200820224 492 1515
674743008475090944 585 1457
674742531037511680 54 508
674739953134403584 420 1157
674737130913071104 97 668
674690135443775488 495 1188
674670581682434048 688 1681
674664755118911488 269 957
674646392044941312 531 1494
674644256330530816 285 1070
674638615994089473 613 1747
674632714662858753 611 1553
674606911342424069 104 972
674468880899788800 2179 6445
674447403907457024 376 1100
674436901579923456 417 1157
674422304705744896 563 1483
674416750885273600 148 706
674410619106390016 490 1237
674394782723014656 606 1552
674372068062928900 326 877
674330906434379776 77 580
674318007229923329 547 1463
674307341513269249 7338 11727
674291837063053312 6244 15282
674271431610523648 766 1621
674269164442398721 239 929
674265582246694913 892 1699
674262580978937856 482 1348
674255168825880576 592 1518
674082852460433408 179 778
674075285688614912 303 1011
674063288070742018 2349 6582
674053186244734976 1376 3444
674051556661161984 506 1497
674045139690631169 674 1465
674042553264685056 135 742
674038233588723717 431 1137
674036086168010753 227 870
674024893172875264 1298 1853
674019345211760640 315 1170
674014384960745472 685 1617
674008982932058114 370 1237
673956914389192708 1018 2018
673919437611909120 385 1207
673906403526995968 1712 3299
673887867907739649 264 963
673716320723169284 799 3177
673715861853720576 2199 3672
673711475735838725 313 1069
673709992831262724 286 875
673708611235921920 305 1106
673707060090052608 411 1129
673705679337693185 417 1295
673700254269775872 598 1485
673697980713705472 2066 3925
673689733134946305 681 1792
673688752737402881 521 1301
673686845050527744 457 1489
673680198160809984 487 1413
673662677122719744 380 1287
673656262056419329 254 737
673636718965334016 386 1151
673612854080196609 760 1634
673583129559498752 388 1227
673580926094458881 277 854
673576835670777856 587 1421
673363615379013632 326 1052
673359818736984064 701 1496
673355879178194945 614 1536
673352124999274496 567 1704
673350198937153538 223 761
673345638550134785 1346 2606
673343217010679808 281 1002
673342308415348736 617 1306
673320132811366400 8352 13894
673317986296586240 277 893
673295268553605120 3322 7740
673270968295534593 387 1095
673240798075449344 763 1460
673213039743795200 886 2325
673148804208660480 659 1753
672997845381865473 756 2024
672995267319328768 311 986
672988786805112832 304 1006
672984142909456390 567 1288
672980819271634944 1044 1864
672975131468300288 963 1739
672970152493887488 373 983
672968025906282496 571 1352
672964561327235073 671 1464
672902681409806336 527 1409
672898206762672129 440 918
672884426393653248 861 1599
672877615439593473 385 1057
672834301050937345 594 1350
672828477930868736 510 1289
672640509974827008 336 1001
672622327801233409 516 1329
672614745925664768 613 1259
672609152938721280 405 1149
672604026190569472 426 1144
672594978741354496 631 1362
672591762242805761 348 978
672591271085670400 195 749
672538107540070400 387 1058
672523490734551040 180 664
672488522314567680 455 1149
672482722825261057 634 1170
672481316919734272 128 734
672475084225949696 733 1479
672466075045466113 563 1393
672272411274932228 3542 6639
672267570918129665 640 1538
672264251789176834 356 1176
672256522047614977 1624 2895
672254177670729728 770 1472
672248013293752320 633 1775
672245253877968896 162 706
672239279297454080 334 920
672231046314901505 1054 1891
672222792075620352 221 808
672205392827572224 1205 2326
672169685991993344 386 1051
672160042234327040 376 895
672139350159835138 750 1799
672125275208069120 1197 2474
672095186491711488 384 1027
672082170312290304 381 966
672068090318987265 538 1335
671896809300709376 4336 8695
671891728106971137 590 1368
671882082306625538 1437 3561
671879137494245376 720 1463
671874878652489728 580 1284
671866342182637568 522 1160
671855973984772097 475 939
671789708968640512 3644 7266
671768281401958400 546 1231
671763349865160704 965 1731
671744970634719232 802 1385
671743150407421952 239 759
671735591348891648 786 1485
671729906628341761 4566 8769
671561002136281088 7562 13206
671550332464455680 216 940
671547767500775424 620 1391
671544874165002241 1094 2044
671542985629241344 593 1121
671538301157904385 414 951
671536543010570240 426 1212
671533943490011136 601 1049
671528761649688577 268 863
671520732782923777 551 1436
671518598289059840 303 975
671511350426865664 759 1658
671504605491109889 3692 7235
671497587707535361 467 947
671488513339211776 491 1041
671486386088865792 213 598
671485057807351808 241 785
671390180817915904 766 1460
671362598324076544 307 1145
671357843010908160 154 413
671355857343524864 117 490
671347597085433856 449 997
671186162933985280 222 757
671182547775299584 360 1154
671166507850801152 368 899
671163268581498880 1154 1710
671159727754231808 85 387
671154572044468225 227 742
671151324042559489 160 690
671147085991960577 240 692
671141549288370177 683 1207
671138694582165504 421 956
671134062904504320 200 766
671122204919246848 2637 3597
671115716440031232 806 1391
671109016219725825 458 1176
670995969505435648 305 1136
670842764863651840 9157 25246
670840546554966016 205 614
670838202509447168 727 1147
670833812859932673 128 462
670832455012716544 229 756
670826280409919488 4247 5731
670823764196741120 198 799
670822709593571328 100 631
670815497391357952 1614 3263
670811965569282048 281 1162
670807719151067136 509 1184
670804601705242624 994 2031
670803562457407488 91 349
670797304698376195 247 754
670792680469889025 288 857
670789397210615808 250 683
670786190031921152 209 620
670783437142401025 411 840
670782429121134593 814 1619
670780561024270336 297 802
670778058496974848 74 337
670764103623966721 440 1107
670755717859713024 118 461
670733412878163972 529 987
670727704916926465 380 853
670717338665226240 517 1248
670704688707301377 386 784
670691627984359425 253 606
670679630144274432 301 770
670676092097810432 45 260
670668383499735048 5264 11028
670474236058800128 799 1576
670468609693655041 89 362
670465786746662913 580 1000
670452855871037440 217 563
670449342516494336 700 1225
670444955656130560 2066 6897
670442337873600512 205 666
670435821946826752 546 1082
670434127938719744 672 1444
670433248821026816 118 334
670428280563085312 664 1425
670427002554466305 172 532
670421925039075328 667 1352
670420569653809152 330 647
670417414769758208 337 586
670411370698022913 943 2092
670408998013820928 233 572
670403879788544000 163 444
670385711116361728 220 576
670374371102445568 280 762
670361874861563904 69 339
670338931251150849 117 438
670319130621435904 1290 3957
670303360680108032 141 438
670290420111441920 298 725
670093938074779648 353 1063
670086499208155136 261 716
670079681849372674 1306 2287
670073503555706880 826 1616
670069087419133954 255 650
670061506722140161 359 786
670055038660800512 344 689
670046952931721218 183 662
670040295598354432 115 772
670037189829525505 292 601
670003130994700288 96 342
669993076832759809 87 334
669972011175813120 168 455
669970042633789440 63 309
669942763794931712 174 522
669926384437997569 109 387
669923323644657664 59 242
669753178989142016 422 837
669749430875258880 67 278
669684865554620416 91 538
669683899023405056 114 403
669682095984410625 137 365
669680153564442624 300 689
669661792646373376 459 829
669625907762618368 1890 3637
669603084620980224 386 972
669597912108789760 157 527
669583744538451968 969 1532
669573570759163904 148 448
669571471778410496 1052 1629
669567591774625800 59 241
669564461267722241 129 398
669393256313184256 79 375
669375718304980992 760 1375
669367896104181761 164 473
669363888236994561 238 644
669359674819481600 129 378
669354382627049472 1325 2789
669353438988365824 267 665
669351434509529089 195 453
669328503091937280 434 1038
669327207240699904 120 590
669324657376567296 214 510
669216679721873412 419 1220
669214165781868544 178 457
669203728096960512 498 1035
669037058363662336 326 679
669015743032369152 388 760
669006782128353280 261 591
669000397445533696 6639 21448
668994913074286592 243 454
668992363537309700 362 764
668989615043424256 342 703
668988183816871936 494 928
668986018524233728 174 566
668981893510119424 320 555
668979806671884288 366 817
668975677807423489 611 1345
668967877119254528 25 151
668960084974809088 248 729
668955713004314625 74 288
668932921458302977 59 276
668902994700836864 106 327
668892474547511297 159 408
668872652652679168 310 543
668852170888998912 173 466
668826086256599040 146 451
668815180734689280 283 588
668779399630725120 384 726
668655139528511488 227 547
668645506898350081 566 924
668643542311546881 551 909
668641109086707712 559 1105
668636665813057536 506 1076
668633411083464705 1720 2899
668631377374486528 330 739
668627278264475648 118 325
668625577880875008 140 399
668623201287675904 810 1491
668620235289837568 45 210
668614819948453888 326 626
668587383441514497 1128 1707
668567822092664832 60 252
668544745690562560 237 532
668542336805281792 223 476
668537837512433665 78 257
668528771708952576 235 477
668507509523615744 112 335
668496999348633600 136 422
668484198282485761 245 439
668480044826800133 153 474
668466899341221888 536 909
668297328638447616 309 636
668291999406125056 33 254
668286279830867968 142 520
668274247790391296 238 849
668268907921326080 245 570
668256321989451776 643 1337
668248472370458624 504 1019
668237644992782336 2964 6382
668226093875376128 107 310
668221241640230912 205 524
668204964695683073 200 566
668190681446379520 201 667
668171859951755264 202 506
668154635664932864 326 509
668142349051129856 296 579
668113020489474048 252 682
667937095915278337 822 1308
667924896115245057 114 308
667915453470232577 58 215
667911425562669056 315 502
667902449697558528 387 867
667886921285246976 1130 1936
667885044254572545 506 839
667878741721415682 121 400
667873844930215936 420 645
667866724293877760 1068 3066
667861340749471744 80 248
667832474953625600 63 294
667806454573760512 515 1079
667801013445750784 97 337
667793409583771648 338 715
667782464991965184 249 422
667773195014021121 58 240
667766675769573376 225 453
667728196545200128 153 383
667724302356258817 328 496
667550904950915073 35 0
667550882905632768 33 0
667549055577362432 2357 5913
667546741521195010 129 340
667544320556335104 540 886
667538891197542400 67 209
667534815156183040 554 836
667530908589760512 249 482
667524857454854144 1148 1732
667517642048163840 197 375
667509364010450944 2192 6905
667502640335572993 224 540
667495797102141441 282 534
667491009379606528 232 545
667470559035432960 100 264
667455448082227200 60 194
667453023279554560 92 319
667443425659232256 597 803
667437278097252352 245 455
667435689202614272 85 310
667405339315146752 223 473
667393430834667520 58 198
667369227918143488 167 374
667211855547486208 248 500
667200525029539841 267 624
667192066997374976 109 393
667188689915760640 427 759
667182792070062081 6377 14577
667177989038297088 55 193
667176164155375616 472 620
667174963120574464 84 252
667171260800061440 92 227
667165590075940865 1171 2735
667160273090932737 63 262
667152164079423490 17558 48548
667138269671505920 2269 4680
667119796878725120 129 333
667090893657276420 129 339
667073648344346624 125 410
667070482143944705 14 85
667065535570550784 48 168
667062181243039745 55 221
667044094246576128 51 186
667012601033924608 227 454
666996132027977728 96 247
666983947667116034 1002 2579
666837028449972224 562 829
666835007768551424 80 218
666826780179869698 97 256
666817836334096384 258 526
666804364988780544 94 244
666786068205871104 490 770
666781792255496192 200 391
666776908487630848 175 355
666739327293083650 66 239
666701168228331520 221 436
666691418707132416 47 189
666649482315059201 609 991
666644823164719104 83 234
666454714377183233 208 521
666447344410484738 20 105
666437273139982337 48 126
666435652385423360 53 165
666430724426358785 198 319
666428276349472768 83 165
666421158376562688 111 316
666418789513326592 46 126
666411507551481857 325 444
666407126856765440 40 110
666396247373291520 84 167
666373753744588802 93 188
666362758909284353 567 775
666353288456101888 72 220
666345417576210432 135 295
666337882303524864 90 198
666293911632134144 354 498
666287406224695296 64 149
666273097616637952 76 174
666268910803644416 35 103
666104133288665088 6549 14261
666102155909144576 12 80
666099513787052032 67 154
666094000022159362 73 164
666082916733198337 44 118
666073100786774016 163 321
666071193221509120 60 147
666063827256086533 217 474
666058600524156928 57 111
666057090499244032 141 297
666055525042405380 249 432
666051853826850816 844 1212
666050758794694657 58 133
666049248165822465 40 109
666044226329800704 141 298
666033412701032449 44 125
666029285002620928 47 130
666020888022790149 511 2557
